lastAccountName: LUCA_IS_GAY
timestamps:
  login: 1557836697235
  logout: 1557837671791
ipAddress: 114.77.31.236
logoutlocation:
  world: world
  x: -251.44988239029678
  y: 72.0
  z: -205.47611957357586
  yaw: -164.61328
  pitch: 12.571011
