lastAccountName: V055
timestamps:
  login: 1558525049127
  lastteleport: 1557990058125
  logout: 1558525654111
ipAddress: 101.188.159.198
lastlocation:
  world: world_nether
  x: 122.68275160841765
  y: 64.0
  z: 49.769452628473765
  yaw: -359.77637
  pitch: 9.899853
afk: false
logoutlocation:
  world: world
  x: -288.7344718879068
  y: 63.0
  z: -267.4322542919484
  yaw: 69.41278
  pitch: 10.199946
