lastAccountName: NuzzleWuzzle
timestamps:
  login: 1558081982207
  logout: 1558083005622
  lastteleport: 1557887555590
ipAddress: 101.181.97.60
logoutlocation:
  world: world
  x: -329.9302631305468
  y: 86.0
  z: 710.8245719090634
  yaw: 67.418594
  pitch: 13.650648
lastlocation:
  world: world
  x: -626.1969974690362
  y: 13.0
  z: -205.3114166514616
  yaw: -111.854126
  pitch: 8.2492695
