lastAccountName: PUR3SCORPION
timestamps:
  login: 1558380573771
  logout: 1558392416404
  lastteleport: 1558392405440
ipAddress: 121.208.27.48
logoutlocation:
  world: world
  x: -286.85232892600425
  y: 72.0
  z: -206.61419775438614
  yaw: -172.49991
  pitch: 11.819649
lastlocation:
  world: world
  x: -288.5917022100191
  y: 63.0
  z: -297.4441227509263
  yaw: 317.32434
  pitch: 4.14652
