lastAccountName: FlaminDamon
timestamps:
  login: 1557901818306
  logout: 1557903209265
ipAddress: 10.0.20.1
logoutlocation:
  world: world
  x: -254.5190508029746
  y: 68.0
  z: -189.4815176904832
  yaw: 177.72168
  pitch: 22.550564
