lastAccountName: crackacoldone69
timestamps:
  login: 1557846729664
  lastteleport: 1557846740881
  logout: 1557846916225
ipAddress: 10.0.20.1
lastlocation:
  world: world
  x: -337.573479620898
  y: 12.0
  z: -237.30000001192093
  yaw: 62.69975
  pitch: 5.5500283
logoutlocation:
  world: world
  x: -248.21184047307136
  y: 64.0
  z: -218.10380714898216
  yaw: -104.70004
  pitch: 19.200003
